318616487
103526810
99281950
622880281
559065414
971440667
832588969
112319903
915445780
324360546
7162308
703766674
659524014
456984325
926990375
726335412
222203130
886905549
537551410
162828135
758281861
275259723
403350595
300538358
266628356
571874844
156660908
184912728
419365481
234292907
423346192
359088205
559375137
527482765
590319733
129286585
813650172
635538480
59040023
734161997
412609689
506330054
558991358
519760053
791201616
299779660
193071530
898375865
45624192
154116159
364989225
160591937
474702652
425706753
585352708
193338221
85684208
73402138
452576691
69351157
648742219
428960686
232608395
822018997
703943200
478912849
112505959
895005325
24511812
800630901
863982777
821578866
749112424
783354648
412290951
591751429
362459718
242335659
306409295
948197331
23864571
98343158
84010088
60776131
55179517
836673556
42496908
73923724
628938005
646522695
987147886
328825052
87208427
921147107
302777898
44850068
28315973
312655418
700087889
314231704
629944349
380277127
406323211
76193011
675665459
15827271
868438310
189289283
961681368
16807848
962105351
345734119
810056092
359378036
342618882
784853939
988554671
350340430
918913777
274422587
573012794
102317382
99778377
583415704
57388120
301958531
513155850
316027792
752024307
331248348
806333584
72211843
336167940
92559164
302165623
846267447
225749420
359859463
844027883
447124340
566463299
546620914
915621504
130270167
603317179
681513160
306868794
435567505
604265684
443167519
843187231
203188058
482675270
277511365
591992043
318513344
724507478
357866028
345599121
688628353
780316960
897476263
105882554
890082065
238164647
71170962
607907305
163844481
660139907
70879741
215344674
787973917
93438811
54007223
461281121
128796749
816406039
63259984
999107595
826696466
68291166
13342658
704715490
573888997
796275674
680126586
979544762
392138804
842527957
7671822
677233884
399521060
362053023
203968804
512749988
730134677
651940575
703660225
224940740
7781654
582718083
217373855
325659210
211488039
394018882
583249267
200543686
135871653
612716982
543190881
249115342
81403116
195070667
492638141
12738374
931427468
493134887
771613808
652488595
324297777
952203725
639851825
538985440
435228806
354202532
50247612
343503385
618310331
61327056
724641404
668298085
746423979
695816120
178549050
839211685
105663140
497358261
886900275
241889870
49463091
42960820
280958120
539544859
454470773
483911204
575017633
644929525
980543460
204408336
664534793
566779676
776023281
748057308
22867790
525314067
441213024
999223049
619648197
279025870
276473814
688246631
807166247
181877002
730504705
221528808
290993930
914700485
683089363
28308851
985934542
410988914
976230618
525895418
474561046
193218358
425651836
662362689
921954816
993041179
593152741
499011807
967781908
469368572
970137367
402862339
684354354
21197540
932236219
846405993
613829817
126277325
629141233
914692044
186716407
669027376
118715934
246377869
524356061
726896780
712675449
419955218
201563009
87764138
523563649
293730178
451158965
11434039
484305593
761062615
766751967
898410563
421772056
672388217
769795799
516487459
268784011
87725008
658884317
443015081
221623990
890717804
978590363
738445409
536954822
666370432
353593291
548152360
884830662
24663953
62697394
488097122
853759686
800780189
225582546
850175439
335377907
699376415
34368646
546672629
784795509
6521661
880852202
878163437
430741600
306680357
415990493
492928060
442956066
584263954
74518919
456488626
392733292
96669538
227271228
167082755
398719850
928502082
363791197
352688164
575089822
858210048
81581609
47518871
578709985
425263826
583529560
970965912
88811203
941715928
465106700
207815014
938513470
328486269
835733487
275142754
791957681
329083655
138581754
64227902
880014823
689236466
470475338
244200706
439999519
285702406
819864722
211286696
97992953
433544172
957846305
985413417
449397049
316199238
486033582
531581258
754214880
640986760
79463740
398190096
614861192
73706352
477555517
129168574
623217873
145028286
889425229
83623877
450652304
85917200
339826319
301909254
477935889
79629837
249320150
376127525
176417679
524481287
329581446
915020503
619180948
15906515
491282080
50762686
55912446
270109377
740831253
40667059
591444061
845998105
993885720
109472868
309968769
997239802
292449151
750279715
720156593
454007253
490486574
565595226
989303532
51545375
887191078
41470019
994869477
256586169
89540979
322159278
724694453
559892628
635019414
925032349
30047135
343524094
173387916
788357005
89547886
231223805
26051337
905623812
248280120
283233913
488597233
669190675
715798580
223326760
798907205
958595163
479546519
25179414
929094411
936151534
433617210
37912324
537253150
237918187
76401389
30390858
263982770
850162460
471744923
900257909
612366642
97477442
359285383
578378489
296261495
45330844
666267264
767132362
494753318
262317636
136047802
71264509
239689509
929722832
553583624
973771536
998293537
29725542
380961484
